1.0000000000000 	0.3266296417878 	0.2536810821372 	0.0861626775095 	0.1838089908887 	0.3066450448351 	0.2296936027629 	0.1082187145735 	0.1497397350435 	0.4537838634109 	0.1438997321689 	0.1332796015878 	0.3265059681146 	0.2309624277313 	0.1321695874504 	0.2036265925106 	0.2513394657667 	0.2863059623586 	0.5977677445681 	0.0955172981849 	0.1058703747061 	0.4990538467055 	0.5519053156507 	0.1685520233868 	0.2640881808985 	0.1434908599036 	0.5246197437252 	0.1430755495709 	0.5121549605208 	0.2289235025977 	0.1580727557312 	0.2532995920508 	0.4808965772819 	0.2326352909192 	0.2094270493433 	0.2304350398294 	0.4284112511164 	0.1976584980761 	0.2136829278757 	0.4336705979707 	0.1948206620729 	0.4549717459038 	0.1974773975048 	0.1483080535394 	0.0960711004958 	0.1451870972453 	0.2243195282384 	0.3211294633276 	0.2433334807283 	0.1340725044158 	0.4088941663230 	0.2966202744772 	0.4228830553282 	0.2822787137052 	0.2384303635651 	0.1540756156750 	0.2492157704165 	0.3416154609599 	0.3124222787096 	0.1596063331001 	0.3648874060135 	0.3713926412124 	0.1812424061178 	0.2201727001834 	0.2469343305197 	0.2223723076726 	0.1715603160879 	0.2523666523953 	0.1612438377637 	0.1417109861457 	0.1494397124909 	0.2957179790511 	0.3862871236471 	0.0621322622777 	0.1851855251757 	0.2488932314093 	0.1787071445197 	0.1692095431129 	0.1862436387838 	0.2300415154659 	0.2783054866223 	0.1491982955777 	0.1071168223221 	0.2375546986417 	0.1935843962009 	0.2132036188126 	0.2893649837873 	0.1814501559577 	0.1626644338939 	0.0978891758170 	0.1634627369605 	0.2481348085612 	0.2197394655261 	0.1904349828145 	0.1707481722842 	0.1719224293255 	0.2739776642074 	0.2627328959727 	0.1493023285719 	0.1871881566875 
0.3266296417878 	1.0000000000000 	0.0893915490117 	0.2147388292861 	0.0650135521545 	0.0843149977331 	0.1927258972226 	0.1220285932785 	0.0749035142795 	0.0925982430905 	0.0806393235980 	0.2821638327321 	0.1089637014254 	0.0865854725493 	0.2548974932806 	0.0898442544790 	0.1932668908394 	0.1215502348415 	0.1049900422365 	0.1348939932260 	0.1428641616212 	0.1338130993555 	0.1159612215952 	0.1343221437610 	0.1553947067568 	0.3928792427966 	0.1253007519993 	0.1692487434838 	0.1329612125970 	0.3526588368906 	0.1881223972707 	0.4053909354261 	0.1345435471197 	0.3313605397558 	0.5277902705765 	0.1506764154529 	0.2523881718177 	0.2584601904614 	0.1645909781236 	0.1467154358538 	0.1722700225373 	0.1499261092144 	0.3689692065256 	0.2052378083254 	0.1324057543171 	0.1522076648942 	0.1623676447123 	0.2128543909807 	0.3233909420180 	0.1476368610146 	0.1575906514450 	0.1775057942507 	0.1593741893555 	0.2214119842473 	0.1728617472573 	0.1801523288268 	0.1611419520909 	0.1708485853269 	0.1619096984087 	0.2035957753624 	0.1655689204945 	0.1656883776746 	0.1757265192321 	0.1847330847289 	0.1729739580518 	0.1731712138476 	0.1633895898386 	0.1782808439637 	0.1737622377165 	0.1717139929931 	0.1756244062020 	0.1703937869898 	0.1750784518203 	0.1400900036200 	0.1788426923099 	0.1832475272120 	0.2085054216008 	0.1853119887584 	0.1891299040664 	0.1840718263722 	0.1838191283566 	0.1800874307493 	0.1501567248652 	0.4035824577264 	0.2065200041050 	0.2885029421061 	0.1789421985084 	0.2665253873987 	0.1855039866844 	0.1439007463930 	0.1830267114922 	0.1839116185478 	0.1840683996049 	0.2777805027517 	0.1870529349538 	0.1816869227140 	0.1892865484709 	0.1912969395125 	0.1753277477746 	0.1960332655839 
0.2536810821372 	0.0893915490117 	1.0000000000000 	0.0415892270812 	0.5852182371429 	0.2597761520803 	0.1794672433849 	0.2999957867050 	0.5107626586978 	0.2005706345366 	0.5509214905350 	0.1230880495187 	0.2350086229951 	0.4848943085278 	0.0672768220049 	0.4906297261167 	0.3366995962485 	0.2095076443560 	0.2693816370797 	0.1918449408717 	0.2193171376162 	0.2427033359725 	0.2755796121468 	0.4103219017814 	0.2910034119308 	0.2094463842994 	0.2653685477116 	0.1443535066876 	0.2822290472666 	0.1135889436564 	0.4650968563776 	0.1221936960007 	0.3278916412694 	0.1227031083371 	0.1156232121880 	0.1940573781225 	0.2307361832999 	0.3009077815989 	0.2187455571966 	0.2489681656239 	0.2680310585601 	0.3032310579537 	0.2179260531539 	0.1313404961325 	0.3443197365180 	0.4430012510780 	0.2670538666223 	0.2200047163592 	0.1892936028605 	0.4781324550279 	0.2243849674863 	0.1976981741179 	0.2428926270680 	0.3503399869762 	0.2345705900128 	0.4220032773774 	0.3551594846612 	0.2345162219580 	0.1885615435260 	0.1512397691663 	0.2465659698687 	0.2206903103736 	0.2448146662218 	0.2371579333088 	0.2139312140742 	0.2673342531927 	0.2593295032899 	0.2186353756530 	0.1952258535992 	0.1497423685736 	0.1924331300305 	0.3166751189911 	0.2479988035844 	0.2429244082720 	0.3758826447097 	0.2165131131524 	0.1857291756915 	0.1742044210771 	0.1917877043610 	0.2247211024090 	0.2296350479074 	0.1561008339771 	0.2257595885118 	0.1695666426171 	0.1671033807605 	0.1815613297568 	0.2308373426753 	0.1616848264776 	0.1927377844164 	0.2273158509399 	0.1912491621342 	0.2044962047217 	0.2690214249573 	0.1619309062386 	0.1752116761576 	0.1668484285960 	0.1893783060861 	0.2017520176208 	0.2341548569497 	0.2071751252146 
0.0861626775095 	0.2147388292861 	0.0415892270812 	1.0000000000000 	0.0000000000000 	0.0937335092459 	0.3566898581444 	0.1239436676281 	0.0323880273685 	0.1169911174801 	0.0370912445119 	0.4942873219673 	0.1173554996314 	0.0372831511635 	0.7778619528555 	0.0291194372832 	0.1150836704383 	0.1342094219119 	0.0616050023425 	0.1923255840496 	0.1652323375826 	0.0941673201175 	0.0838258834930 	0.1065013079417 	0.1315183128928 	0.2029749181194 	0.0936508356157 	0.3979025050639 	0.0996921286043 	0.3845377695325 	0.1273647953973 	0.3645005041739 	0.1028545664057 	0.3675298545423 	0.3721669695310 	0.2536839878183 	0.1466983639136 	0.1814069431354 	0.2585782186751 	0.1221884155482 	0.2338788096645 	0.1248128994691 	0.2029211034793 	0.5787523556205 	0.1054235084136 	0.1334017630068 	0.1628020575177 	0.1747536582436 	0.2449144632005 	0.1297948258287 	0.1350159373923 	0.1608590685029 	0.1431785390184 	0.1702586139126 	0.1935275101046 	0.1259132416387 	0.1577728794114 	0.1450726405323 	0.1857979081564 	0.4626973962580 	0.1388944768790 	0.1480438090722 	0.1718967512285 	0.2067646409998 	0.1685555639853 	0.1778845330635 	0.1539636948755 	0.1771593758707 	0.2235958913003 	0.4017180827810 	0.3044904711406 	0.1482219359133 	0.1716721773274 	0.0872689681852 	0.1592473575929 	0.1738063509184 	0.3450122680388 	0.2146169861313 	0.2543572693475 	0.1733644119931 	0.1723968449452 	0.4213273034195 	0.1232267972493 	0.2359074899884 	0.3730618255206 	0.3149087619392 	0.1861028807227 	0.3253641299066 	0.2704949089136 	0.1150752965917 	0.2735583551387 	0.1756211669259 	0.1894865480651 	0.2903421594697 	0.3422788690881 	0.3017698981931 	0.1918724396856 	0.1966934278736 	0.1569829264340 	0.1827650630169 
0.1838089908887 	0.0650135521545 	0.5852182371429 	0.0000000000000 	1.0000000000000 	0.2747947515315 	0.1418875238229 	0.3488659369003 	0.6908420798540 	0.1997915117219 	0.7230278386379 	0.0958984835069 	0.2355548215815 	0.6051945195014 	0.0293090686969 	0.6304619127543 	0.4566288060172 	0.2423296623496 	0.2779472131250 	0.1884882962381 	0.2241384370609 	0.2305995540108 	0.2898110801709 	0.4362644706660 	0.2964083350514 	0.1888922347219 	0.2645644674530 	0.1275176882879 	0.2729878257973 	0.0901360682762 	0.4597041548178 	0.0924911387219 	0.3294263434114 	0.0978351309249 	0.0984684780207 	0.1921664322150 	0.2354202557380 	0.3864335933147 	0.1952820296656 	0.2546185581101 	0.2051074321596 	0.2948542725223 	0.1896407199470 	0.1107537656130 	0.3711632514512 	0.5003569526466 	0.2647616555935 	0.2402238063443 	0.1866115076901 	0.5150147972664 	0.2329629758036 	0.2174089692897 	0.2549783671027 	0.2301418599534 	0.1913465479764 	0.4580342706750 	0.3442694762541 	0.2107899882522 	0.1936968391308 	0.1357834544950 	0.2475370893012 	0.2414507191474 	0.2556345470601 	0.2840579431123 	0.2072326997003 	0.2350871796173 	0.3326425042679 	0.2102481356911 	0.1728647128048 	0.1410813241609 	0.2024493371853 	0.3595696820148 	0.2315987166883 	0.2584375456409 	0.4535185728331 	0.2065650976321 	0.1710570409156 	0.1702139047665 	0.1806314305947 	0.2123634338359 	0.2259093683880 	0.1501445403960 	0.2231406251727 	0.1583466543995 	0.1661143990546 	0.1625783906688 	0.2082023557633 	0.1688175001388 	0.2108002249232 	0.2732582753312 	0.1981912347523 	0.2147750220652 	0.2990447044490 	0.1598737116744 	0.1702886742214 	0.1589789435522 	0.1870129113125 	0.2107716658365 	0.2586990392205 	0.2219556682579 
0.3066450448351 	0.0843149977331 	0.2597761520803 	0.0937335092459 	0.2747947515315 	1.0000000000000 	0.4021609804505 	0.6787636018286 	0.2564633101263 	0.3397622921320 	0.2774815937526 	0.1109141066346 	0.3539337576728 	0.3890383727549 	0.1205900272732 	0.2768351923434 	0.3180023242446 	0.2931588621766 	0.3518971304470 	0.1529488044898 	0.1620223019974 	0.2990884204685 	0.3368592374953 	0.1751024803430 	0.3276884923877 	0.0997421548324 	0.3029503420575 	0.1785480845789 	0.3438572674040 	0.1807785787009 	0.1424891192540 	0.1686642839575 	0.2990312970108 	0.1845768619994 	0.1249051109378 	0.3202886108658 	0.2546584534881 	0.2331568109312 	0.3617424776700 	0.2770387882877 	0.2762418691539 	0.2933626307973 	0.2106498017915 	0.1241407780701 	0.1910163438728 	0.2365246067979 	0.4835065003425 	0.3096679600076 	0.2064080941367 	0.1727542463310 	0.2780190677406 	0.2321516518135 	0.2914795154852 	0.2166193313085 	0.2242589697679 	0.1434340777087 	0.1963595099349 	0.2455985168896 	0.2160552409909 	0.1445312898003 	0.2802830169636 	0.2477905699183 	0.4051888460355 	0.3126552126036 	0.3558170873493 	0.3750027809634 	0.2869209978068 	0.3477849341023 	0.2026454599198 	0.1805083682434 	0.1764546903256 	0.2100617055483 	0.2473984821479 	0.0880569099044 	0.1802981399163 	0.3161707572604 	0.1678309781834 	0.1921854317588 	0.2772484178867 	0.1859931193209 	0.3262258163058 	0.1824268222769 	0.1153000833170 	0.1979604240005 	0.1710579737529 	0.1730969972727 	0.2373815042603 	0.1648782686889 	0.1884653849262 	0.1159402465300 	0.1992441215940 	0.2024866887857 	0.2590343789159 	0.1727961127735 	0.1827478778827 	0.1909953434787 	0.2297955251046 	0.2138131535094 	0.1566701925429 	0.1862056681516 
0.2296936027629 	0.1927258972226 	0.1794672433849 	0.3566898581444 	0.1418875238229 	0.4021609804505 	1.0000000000000 	0.3819437354212 	0.1512727596899 	0.2292513206755 	0.1575269738284 	0.1267809875079 	0.2164100204457 	0.1822683939443 	0.3961455012301 	0.1382682280395 	0.1780517354613 	0.1501591308097 	0.2165269018306 	0.1019669773070 	0.1135816010935 	0.2145238053401 	0.2143874472165 	0.1457109369327 	0.2029998089521 	0.1129111975846 	0.2155736562284 	0.2336021189845 	0.2452183301756 	0.3379521859460 	0.1304603679965 	0.2398586511580 	0.2028130836415 	0.3451498881447 	0.1543102412999 	0.4368844181221 	0.1934771654193 	0.1765203699381 	0.5190689088010 	0.2207226432858 	0.3615613973987 	0.2269918477675 	0.2144143671515 	0.1373605556538 	0.1328049721365 	0.1876867951567 	0.3658969120935 	0.2492009509876 	0.2150018237100 	0.1509375632323 	0.2187722727847 	0.1939444697319 	0.2221216183619 	0.1893330445578 	0.2188172940035 	0.1415758009266 	0.1676591917957 	0.1964399492600 	0.2179975194108 	0.1569084353526 	0.2039585824637 	0.2158315293602 	0.2798432829914 	0.2278373242907 	0.2965754732561 	0.4013853191048 	0.2013716318767 	0.2861826627143 	0.1597775682224 	0.1957127991970 	0.1645277595617 	0.1933547404785 	0.2192221937181 	0.0903591972411 	0.1680102601666 	0.2752098205277 	0.1907234602643 	0.1637029566175 	0.3702810929299 	0.1800514044285 	0.2752644062534 	0.2687139943873 	0.1276943502363 	0.1779848540585 	0.1800332102363 	0.2205199669920 	0.2109769888311 	0.1705870931233 	0.1723421827118 	0.1172332552556 	0.1950423398185 	0.2112271891835 	0.1863361054195 	0.1840307384067 	0.2469182628403 	0.2079192274936 	0.2572370536930 	0.2112068135841 	0.1569974818190 	0.1962448342950 
0.1082187145735 	0.1220285932785 	0.2999957867050 	0.1239436676281 	0.3488659369003 	0.6787636018286 	0.3819437354212 	1.0000000000000 	0.3327755388028 	0.1235667357050 	0.3534250128453 	0.1493607284269 	0.2261534681889 	0.4135116679016 	0.1525372129134 	0.2967573098091 	0.3129676583595 	0.1376104474490 	0.1056056613110 	0.1289685621870 	0.1511425646280 	0.1301649625881 	0.1181625137965 	0.2323284294839 	0.3228623100309 	0.1424382318323 	0.1317253554260 	0.1737454290310 	0.1286773617820 	0.1514854838388 	0.2083472422097 	0.1327518077963 	0.1477221981294 	0.1548764255075 	0.1552335726984 	0.3014483825890 	0.1472697783797 	0.2709740981360 	0.3301742212493 	0.1467497910445 	0.2731300863974 	0.1535594516212 	0.2210786816123 	0.1544343808090 	0.2594496709296 	0.3258010796959 	0.4886112275638 	0.2337502803165 	0.2169575942425 	0.2393832401088 	0.1554527315307 	0.1783665555132 	0.1623043151311 	0.1776700534555 	0.1824297840259 	0.2115894683031 	0.1932447389074 	0.1708090224171 	0.1599581984006 	0.1672609886400 	0.1618584382595 	0.1657688927019 	0.4783610343750 	0.3602203656582 	0.3275355475926 	0.3758154581278 	0.3275103761358 	0.3184639383701 	0.1762999754998 	0.1758238996786 	0.1723125079851 	0.1792595876892 	0.1728661188663 	0.1457875684394 	0.2106252640403 	0.2897295638615 	0.1821336711579 	0.1849958415878 	0.2616821830115 	0.1871936654714 	0.2896431887609 	0.1901244770998 	0.1590936279988 	0.1776820079609 	0.1825902800559 	0.1800187801158 	0.1924975364346 	0.1859683405462 	0.1792630780831 	0.1611654718812 	0.1821028649487 	0.1958387299983 	0.2268601648761 	0.1891161102461 	0.1873133360567 	0.1813699436038 	0.1930017793924 	0.1938173363536 	0.1796669510587 	0.1964078239870 
0.1497397350435 	0.0749035142795 	0.5107626586978 	0.0323880273685 	0.6908420798540 	0.2564633101263 	0.1512727596899 	0.3327755388028 	1.0000000000000 	0.1833823492846 	0.8083424043602 	0.1068690405382 	0.2265183881107 	0.4950812892942 	0.0432518670594 	0.5477075891377 	0.3891022152487 	0.2219271283348 	0.2317837856063 	0.1825641878074 	0.2117780805160 	0.2165310992209 	0.2399855996049 	0.4729439869570 	0.2737311000223 	0.2214922710033 	0.2311074611895 	0.1330261519629 	0.2479581088915 	0.1067088438315 	0.4134834488908 	0.1046407227748 	0.3073162650753 	0.1109769110056 	0.1062994127983 	0.1855300816200 	0.2315869941402 	0.3032783677361 	0.1741083407511 	0.2367612910296 	0.1940586896963 	0.2817833560389 	0.1878608478049 	0.1167966088337 	0.4701125666402 	0.4284045620528 	0.2553143012674 	0.2414448251627 	0.1776699225506 	0.4795094615281 	0.2141684151455 	0.2172871645142 	0.2386339579960 	0.2195889761137 	0.1962572306786 	0.4045088820791 	0.3153006182602 	0.1977124289868 	0.1889424706256 	0.1414897574707 	0.2304965348219 	0.2315155919497 	0.2455299126709 	0.2533408629745 	0.2011972147703 	0.2220184697804 	0.3773072334127 	0.1926691006108 	0.1777971698312 	0.1437457319932 	0.2035484516284 	0.2628741697389 	0.2267609251197 	0.3792060972366 	0.3815666540911 	0.1983153679817 	0.1791767533342 	0.1766904741044 	0.1714722373525 	0.2107443279147 	0.2067126299522 	0.1549339480490 	0.2991224550609 	0.1657870245402 	0.1690733894672 	0.1711343717046 	0.2140593216536 	0.1591327733297 	0.2167070085214 	0.3866940576025 	0.1983112132085 	0.1920608776242 	0.2643163258212 	0.1614867220171 	0.1761205493591 	0.1663611709124 	0.1881501515010 	0.2260552435874 	0.3042161805349 	0.2551846890959 
0.4537838634109 	0.0925982430905 	0.2005706345366 	0.1169911174801 	0.1997915117219 	0.3397622921320 	0.2292513206755 	0.1235667357050 	0.1833823492846 	1.0000000000000 	0.1596138127652 	0.1131533980092 	0.4930704632037 	0.2670219399447 	0.1257220527528 	0.2265489892372 	0.2842327745726 	0.4891783311310 	0.4889945902449 	0.2677334952880 	0.2811052015555 	0.4635721441343 	0.4945119771541 	0.1518582160196 	0.2745364544194 	0.1109190226493 	0.4424703670188 	0.1883247025428 	0.4673185292714 	0.1689503645702 	0.1268700035923 	0.1896942206760 	0.4016263417956 	0.1683990560112 	0.1293965385402 	0.2956902687083 	0.3354953800384 	0.1703288737940 	0.2238530478064 	0.4801010236523 	0.1703093455912 	0.3748101846185 	0.1965096621841 	0.1313531802564 	0.1370288809011 	0.1425793584999 	0.2383528605137 	0.2809098144153 	0.1787833758933 	0.1265558601312 	0.3358432946702 	0.3131052746054 	0.3972933311914 	0.2987485754599 	0.3060553989137 	0.1383024038422 	0.2525584064645 	0.3347138151665 	0.4107594747464 	0.1496841347010 	0.3320722309438 	0.3946461577043 	0.1718542703012 	0.2038765868959 	0.1973092359289 	0.2457013691675 	0.1830738411674 	0.2074221293875 	0.2671273653814 	0.1957023893084 	0.2207605767758 	0.2694364047537 	0.3092021688364 	0.0910446581833 	0.1735781505907 	0.1928108559252 	0.1715119843933 	0.2403755740535 	0.2115249724526 	0.2144485074629 	0.2092641240213 	0.1846851159591 	0.1223639385451 	0.1903249013469 	0.2546945353190 	0.1840949296432 	0.3118685075217 	0.1670217300235 	0.2192091367806 	0.1200182901279 	0.2405810706088 	0.4281740856427 	0.2382135952405 	0.1681408661674 	0.1919547976595 	0.2183952094377 	0.2162124529093 	0.2717000030105 	0.1607021605285 	0.1919941863664 
0.1438997321689 	0.0806393235980 	0.5509214905350 	0.0370912445119 	0.7230278386379 	0.2774815937526 	0.1575269738284 	0.3534250128453 	0.8083424043602 	0.1596138127652 	1.0000000000000 	0.1095221146093 	0.2098624040585 	0.5164284607134 	0.0575118046047 	0.5852297863726 	0.3814258310405 	0.1970795072095 	0.2194512486132 	0.1712106280016 	0.2082600893558 	0.1984210373251 	0.2199070695669 	0.4870339186326 	0.2652389228853 	0.2102597542352 	0.2080547241945 	0.1317971734730 	0.2375445012746 	0.1076695687744 	0.4289110970158 	0.1038414134159 	0.2669033970898 	0.1111731038373 	0.1078784637142 	0.2058320582874 	0.2128632003434 	0.3179829611770 	0.1939894299221 	0.2189979619351 	0.2088544081258 	0.2370881899363 	0.1945450073610 	0.1218488580088 	0.3238561426932 	0.5823976650742 	0.2606811675715 	0.2448371529516 	0.1800801087763 	0.5143087478512 	0.2064358946814 	0.2025282153223 	0.2274634224559 	0.2007305724578 	0.1822791670917 	0.3851553815899 	0.3306310042141 	0.2050620769862 	0.1889202379267 	0.1419091425619 	0.2249308452368 	0.2149574546953 	0.2479172384315 	0.2560204346984 	0.1947823202976 	0.2284087311010 	0.5224166583950 	0.1926553768774 	0.1756199149777 	0.1515231085570 	0.2075669926455 	0.3105414812249 	0.2174436531051 	0.3394643381050 	0.3988888470715 	0.2015201073104 	0.1742168436300 	0.1726423493858 	0.1807031209217 	0.2011136937212 	0.2130649360552 	0.1558704639429 	0.2581523751771 	0.1644457083638 	0.1698106874768 	0.1700092821725 	0.2147994736711 	0.1614098926406 	0.2211588619080 	0.3340350484853 	0.1959050641448 	0.1970032524624 	0.3085172837430 	0.1644861849772 	0.1748493542173 	0.1639248858704 	0.1864805580445 	0.2093565507766 	0.2879077951798 	0.2363645040985 
0.1332796015878 	0.2821638327321 	0.1230880495187 	0.4942873219673 	0.0958984835069 	0.1109141066346 	0.1267809875079 	0.1493607284269 	0.1068690405382 	0.1131533980092 	0.1095221146093 	1.0000000000000 	0.1230343635085 	0.1101994777468 	0.3270301976330 	0.1120915100486 	0.1986555592902 	0.1296690766843 	0.1263265172279 	0.1588427256987 	0.1654369628162 	0.1516122218996 	0.1357632225256 	0.1523638719888 	0.1896551863292 	0.3159556580096 	0.1426748447502 	0.1828298296148 	0.1511266710159 	0.2954454745661 	0.1994423437566 	0.3390171179432 	0.1474036171538 	0.2697387633499 	0.4873465015842 	0.1750398243779 	0.1794815065045 	0.2748954872026 	0.1628586324803 	0.1624599907112 	0.1741901388589 	0.1634417416472 	0.2161922374403 	0.7164333219522 	0.1490345294759 	0.1630644605735 	0.1735749589620 	0.2028585484529 	0.2729414407885 	0.1647253809245 	0.1677061971914 	0.1763605579140 	0.1722550068922 	0.1980778304996 	0.1819797562464 	0.1884701763664 	0.1742026761106 	0.1734379039737 	0.1746275166135 	0.6560416323060 	0.1715578767567 	0.1798302765466 	0.1876234958612 	0.2053732517216 	0.1911761267364 	0.1829468854404 	0.1764839103513 	0.1944933970938 	0.1884408086762 	0.1794606195763 	0.1840069550785 	0.1758294422816 	0.1825056377813 	0.1720641294653 	0.1797190002520 	0.2012853488994 	0.4193716658081 	0.1947580643576 	0.1871890448953 	0.1879279253543 	0.1884520659184 	0.1859974115423 	0.1630902589277 	0.3000881501807 	0.4804693987763 	0.3652495321310 	0.1855603562231 	0.3370067835210 	0.1876696304140 	0.1641354582172 	0.1902285548049 	0.1900995868962 	0.1933894390514 	0.2647862355013 	0.1940200757464 	0.1907315664891 	0.1931807958842 	0.2063355002928 	0.1906951739271 	0.2012533725563 
0.3265059681146 	0.1089637014254 	0.2350086229951 	0.1173554996314 	0.2355548215815 	0.3539337576728 	0.2164100204457 	0.2261534681889 	0.2265183881107 	0.4930704632037 	0.2098624040585 	0.1230343635085 	1.0000000000000 	0.2881514624027 	0.1163648334683 	0.2442728752612 	0.2938930601328 	0.3479696612132 	0.3520467187311 	0.3069705350720 	0.3275021668122 	0.3558600492799 	0.3418229405916 	0.1602293189741 	0.3017349301530 	0.1253307008640 	0.3308701738204 	0.1739543332318 	0.3420267218797 	0.1631240602428 	0.1462162497127 	0.1812959390559 	0.3196195100219 	0.1691674274387 	0.1414540259895 	0.2577652132242 	0.3045525146919 	0.1896066872037 	0.2839955697491 	0.3052870708387 	0.2191055262069 	0.3036821675314 	0.2273889662525 	0.1410933850717 	0.1613621917450 	0.1791416709507 	0.2504998041735 	0.2829223294953 	0.2187768350439 	0.1382901518008 	0.3025553125130 	0.2959958569287 	0.2832847964401 	0.2642612033709 	0.3840446525004 	0.1384681294515 	0.2164247579083 	0.2490417758187 	0.2801713506183 	0.1558577063895 	0.2940824698340 	0.2609534867752 	0.2211511350192 	0.2355152149361 	0.2255995127773 	0.2323186436131 	0.2113894199294 	0.2191601514607 	0.2508060071775 	0.1901328170708 	0.2350765227327 	0.2212060791146 	0.2718769294586 	0.1052900744954 	0.1783279321167 	0.2094747623696 	0.1765904577954 	0.2190585617447 	0.2365426796029 	0.2029984404983 	0.2310686926446 	0.1879249863857 	0.1319551703801 	0.2044195688568 	0.2108243323605 	0.1725951699156 	0.2618365298426 	0.1708318385950 	0.2339470297607 	0.1311921115747 	0.2463641370879 	0.5155558919870 	0.2118258792381 	0.1722270096326 	0.1883397460585 	0.2099659436184 	0.2163382725273 	0.2337712557423 	0.1616573905411 	0.1923413737249 
0.2309624277313 	0.0865854725493 	0.4848943085278 	0.0372831511635 	0.6051945195014 	0.3890383727549 	0.1822683939443 	0.4135116679016 	0.4950812892942 	0.2670219399447 	0.5164284607134 	0.1101994777468 	0.2881514624027 	1.0000000000000 	0.0654472755851 	0.5752493981550 	0.5002684284657 	0.2945009781345 	0.3464165827625 	0.2234017363740 	0.2886749600736 	0.2835514477057 	0.3517423586745 	0.3816313475025 	0.3389492127519 	0.1486631264056 	0.3278832514734 	0.1447340768981 	0.3252523514347 	0.1187261706590 	0.3639500617523 	0.1296363615859 	0.3545231009954 	0.1197120329864 	0.1138166794065 	0.2003136172644 	0.2561978055230 	0.4232048392296 	0.1846073039673 	0.2828284924900 	0.1787405289655 	0.3287145752925 	0.2299409398494 	0.1225266529136 	0.3460675189925 	0.4106060056785 	0.3274984984877 	0.2570544080621 	0.1796953856864 	0.3841698011397 	0.2805029825828 	0.2754890119159 	0.2750839655995 	0.2742037149211 	0.2194225429445 	0.3529562808608 	0.3398545167234 	0.2416666614464 	0.1963138161924 	0.1434006590158 	0.2801323831565 	0.2304830029217 	0.3001439954868 	0.2671347902399 	0.2330906714388 	0.2614786280319 	0.2995237508842 	0.2150058064453 	0.1962018079223 	0.1513309801243 	0.2034521147974 	0.2816512451358 	0.2437394578240 	0.1792328921270 	0.3656356385088 	0.2084816187128 	0.1711666440300 	0.1885608488194 	0.1825697175588 	0.2085214691124 	0.2412041249616 	0.1591923070054 	0.1818727674265 	0.1732252424542 	0.1695364222470 	0.1636852982387 	0.2261711815954 	0.1629910069405 	0.2064502686209 	0.1970583708313 	0.2184702429321 	0.2087546131818 	0.3148664067487 	0.1655769905895 	0.1797722843527 	0.1759838955679 	0.1939473754010 	0.2256367024033 	0.2233885621534 	0.2129183581906 
0.1321695874504 	0.2548974932806 	0.0672768220049 	0.7778619528555 	0.0293090686969 	0.1205900272732 	0.3961455012301 	0.1525372129134 	0.0432518670594 	0.1257220527528 	0.0575118046047 	0.3270301976330 	0.1163648334683 	0.0654472755851 	1.0000000000000 	0.0485514169426 	0.1094259968058 	0.1363868561746 	0.0853604880611 	0.2001706329463 	0.1458303795746 	0.1081739077163 	0.1006110789484 	0.1175175637798 	0.1280598080232 	0.1849275536292 	0.1108406108764 	0.4020812221187 	0.1174306983156 	0.3608484699213 	0.1390605238994 	0.3396939586837 	0.1193447865714 	0.3587426834017 	0.3101905121775 	0.2750337065462 	0.1594851223160 	0.1641887113686 	0.2824771561422 	0.1416437679284 	0.2639199599304 	0.1383633812340 	0.2169357311978 	0.3529083113343 	0.1164266475635 	0.1555702755825 	0.1759357225046 	0.1773762621264 	0.2318978933990 	0.1475024667341 	0.1444226438434 	0.1578750916854 	0.1593471569404 	0.1608943629960 	0.2018447736807 	0.1448789609451 	0.1567330314041 	0.1515613779804 	0.1896975578099 	0.3044226157884 	0.1515163742907 	0.1672699250476 	0.1848874770379 	0.2117577095786 	0.1922733450193 	0.1987304620737 	0.1589381671256 	0.1940675336625 	0.1832076369947 	0.3860373151594 	0.2445206044437 	0.1595843180141 	0.1681056447623 	0.1017943613370 	0.1704051415341 	0.1891530163782 	0.2692041984436 	0.1911901727525 	0.2941554685436 	0.1757050364287 	0.1813718924304 	0.4062867102490 	0.1377139049949 	0.2182436770892 	0.2608943703315 	0.2783235815889 	0.1855320879444 	0.2976208645197 	0.2385191261171 	0.1255608601482 	0.2521982973666 	0.1822700137144 	0.1924189651044 	0.2940333335712 	0.3051801934367 	0.3249425831683 	0.2016743373088 	0.2065454936731 	0.1648532041943 	0.1883191773027 
0.2036265925106 	0.0898442544790 	0.4906297261167 	0.0291194372832 	0.6304619127543 	0.2768351923434 	0.1382682280395 	0.2967573098091 	0.5477075891377 	0.2265489892372 	0.5852297863726 	0.1120915100486 	0.2442728752612 	0.5752493981550 	0.0485514169426 	1.0000000000000 	0.3587761378450 	0.2402236308840 	0.3179130656312 	0.2025406247723 	0.2357096237620 	0.2449913546509 	0.2989074663283 	0.5423795774373 	0.3569751078337 	0.2053842328700 	0.2669991443958 	0.1370847862543 	0.2872422843600 	0.1053938506593 	0.4770598368046 	0.1164607389075 	0.3026880655222 	0.1099631325736 	0.1109797179680 	0.1693634975928 	0.2235777652672 	0.3980071997346 	0.1643962951695 	0.2596315309440 	0.1925330479067 	0.2631292249160 	0.2136559627687 	0.1229180175292 	0.3777148086079 	0.4278809730766 	0.2738707024163 	0.2539449898397 	0.1896521437032 	0.4157414013436 	0.2773016950546 	0.2460632737546 	0.2678914752296 	0.2160557692763 	0.2032132877536 	0.4373210065366 	0.4182301742198 	0.2587374483471 	0.2005592737178 	0.1477638560997 	0.3033492420385 	0.2415781798729 	0.2267112784135 	0.2373230729897 	0.2231074964587 	0.2441032261679 	0.3283752988403 	0.2208932437523 	0.1839352207350 	0.1540177828435 	0.1923989030529 	0.4009781880841 	0.2193982040728 	0.2311957174010 	0.3886483630823 	0.2083562054851 	0.1780709171252 	0.1783535717943 	0.1767713620311 	0.2177859632540 	0.2352361353950 	0.1576217247724 	0.1827431184460 	0.1736259915978 	0.1723014141275 	0.1653016458316 	0.2177420469323 	0.1672642500206 	0.2009802771309 	0.2240410832967 	0.2095541794288 	0.2148656440085 	0.2370743164578 	0.1607773005257 	0.1782013109738 	0.1685169055380 	0.1963412582983 	0.2108154215959 	0.2382334174682 	0.2343821366948 
0.2513394657667 	0.1932668908394 	0.3366995962485 	0.1150836704383 	0.4566288060172 	0.3180023242446 	0.1780517354613 	0.3129676583595 	0.3891022152487 	0.2842327745726 	0.3814258310405 	0.1986555592902 	0.2938930601328 	0.5002684284657 	0.1094259968058 	0.3587761378450 	1.0000000000000 	0.3097136819467 	0.2767875003040 	0.2618434184516 	0.3157364593785 	0.3103525508311 	0.2993044619366 	0.2681807573637 	0.2956163520979 	0.2030776486910 	0.2810195707758 	0.1807277978349 	0.2977172043159 	0.1960448837928 	0.2673287507924 	0.2388687337264 	0.3346610475156 	0.1855279003459 	0.2182410537488 	0.2086507163796 	0.2613064923231 	0.5380547527951 	0.1767813403006 	0.2822334013249 	0.1674272484526 	0.3022735443147 	0.2546724945740 	0.1948039999234 	0.2515658286550 	0.3306212629038 	0.2724426803163 	0.2514954135118 	0.2355426861325 	0.2903352385055 	0.2495746514522 	0.3066111430324 	0.2707010999500 	0.3729097716762 	0.2330900641852 	0.2663429935265 	0.2562163986328 	0.2277858499027 	0.2322284139106 	0.2193637258742 	0.2435362870489 	0.2657525935730 	0.2533446793078 	0.2881475278719 	0.1954570374641 	0.2135138101618 	0.2671338606624 	0.1867753725580 	0.2370686732695 	0.1755175113368 	0.2523257332999 	0.2756565699807 	0.2976033835685 	0.1562739388041 	0.2704200327218 	0.1922854313466 	0.2173355784090 	0.2196812204248 	0.1751711748326 	0.2447990105022 	0.2092218234567 	0.1700202892624 	0.1968019839255 	0.2550128710479 	0.2144234068192 	0.2349659199167 	0.2629808673025 	0.1742944060125 	0.2461216621251 	0.1768891638909 	0.2232209460291 	0.2201127351766 	0.3155548786267 	0.1866899152929 	0.1888813549210 	0.2029192057920 	0.1945326943114 	0.2579308446460 	0.1927946077288 	0.1936295144763 
0.2863059623586 	0.1215502348415 	0.2095076443560 	0.1342094219119 	0.2423296623496 	0.2931588621766 	0.1501591308097 	0.1376104474490 	0.2219271283348 	0.4891783311310 	0.1970795072095 	0.1296690766843 	0.3479696612132 	0.2945009781345 	0.1363868561746 	0.2402236308840 	0.3097136819467 	1.0000000000000 	0.3411919173346 	0.5031668666966 	0.5009842361258 	0.3340050137101 	0.3571853321348 	0.1622678172498 	0.3242069495109 	0.1347639582405 	0.3327521159976 	0.2179347730884 	0.3475898767127 	0.1761191194533 	0.1475590607258 	0.1899382567193 	0.3144401263089 	0.1813090285649 	0.1500447712511 	0.2190887370302 	0.2679104989518 	0.1703991640091 	0.1680499283681 	0.3254952693109 	0.1692951850703 	0.3110696102887 	0.2861311007433 	0.1433363968681 	0.1778704730412 	0.1542581656027 	0.1932672420851 	0.2562709736643 	0.2179131874735 	0.1387530063162 	0.2603247007073 	0.3250034857486 	0.3157132908389 	0.3181287734497 	0.1937870079443 	0.1477411910499 	0.2466758857754 	0.2509175746966 	0.3261893162068 	0.1593334298819 	0.2756227862621 	0.3081580877943 	0.1750412768344 	0.2176037544757 	0.1796798008752 	0.1851025779353 	0.2133568698018 	0.1960201462090 	0.3533606299330 	0.2162970247439 	0.2932593214226 	0.2305718102533 	0.2743090213260 	0.1137775307719 	0.1909692251768 	0.1924842671498 	0.1745579325161 	0.2582315584280 	0.2085141530788 	0.2051139515531 	0.1851133055816 	0.1939031459714 	0.1364060730944 	0.1988857627255 	0.1798137515824 	0.1859497849088 	0.2790032708461 	0.1782326831841 	0.2891126113765 	0.1435800978482 	0.3036307734917 	0.2131163387205 	0.2418481969001 	0.1818387351535 	0.1887169847377 	0.2204341174189 	0.1896880709410 	0.2716923467307 	0.1727445696065 	0.1956350912157 
0.5977677445681 	0.1049900422365 	0.2693816370797 	0.0616050023425 	0.2779472131250 	0.3518971304470 	0.2165269018306 	0.1056056613110 	0.2317837856063 	0.4889945902449 	0.2194512486132 	0.1263265172279 	0.3520467187311 	0.3464165827625 	0.0853604880611 	0.3179130656312 	0.2767875003040 	0.3411919173346 	1.0000000000000 	0.1210927578688 	0.1350815269749 	0.6054855449104 	0.9346957468477 	0.1936441837572 	0.3552262234707 	0.1234827697850 	0.8179421355197 	0.1582089557039 	0.6173792904579 	0.1679228004141 	0.1491704485149 	0.1782738330786 	0.5501802904378 	0.1734542680373 	0.1310677962806 	0.2505225020563 	0.4212544831866 	0.1830325619767 	0.2068852950976 	0.5128056755200 	0.1699780860033 	0.5348587473197 	0.1607725057432 	0.1411829857971 	0.1354580147411 	0.1552379084407 	0.2534198137698 	0.3126745085782 	0.1857152811775 	0.1410870402547 	0.5891221649871 	0.3048589318829 	0.4802094635295 	0.3050789528598 	0.2327598111961 	0.1554254999600 	0.2831194520354 	0.2297392695564 	0.3319586726298 	0.1557439708846 	0.5339258157441 	0.4373061486308 	0.1654979583800 	0.2229661676491 	0.2459324572249 	0.2412113240283 	0.2112937739596 	0.2540925565475 	0.1770630682035 	0.1629286462517 	0.1704149939614 	0.3097315125169 	0.3827067548106 	0.1096299957343 	0.1906006016407 	0.2343048286317 	0.1817823440762 	0.1785682518832 	0.1896766455148 	0.2168744582090 	0.2751071197561 	0.1692462854863 	0.1336303479933 	0.1812706853742 	0.1895278691410 	0.1874247184236 	0.3184939519976 	0.1734491542435 	0.1773759094600 	0.1343141712226 	0.1773852003285 	0.2830209125629 	0.2155023446948 	0.1736167348047 	0.1847140959576 	0.1752938405114 	0.2385354098674 	0.2737052900404 	0.1653685876831 	0.1881352866970 
0.0955172981849 	0.1348939932260 	0.1918449408717 	0.1923255840496 	0.1884882962381 	0.1529488044898 	0.1019669773070 	0.1289685621870 	0.1825641878074 	0.2677334952880 	0.1712106280016 	0.1588427256987 	0.3069705350720 	0.2234017363740 	0.2001706329463 	0.2025406247723 	0.2618434184516 	0.5031668666966 	0.1210927578688 	1.0000000000000 	0.6802609507291 	0.1483815422027 	0.1327910171551 	0.1578926446142 	0.2812109116259 	0.1649423751208 	0.1393868850360 	0.2719074155890 	0.1439956461357 	0.1713829290284 	0.1747209952040 	0.2023787337645 	0.1391062550431 	0.1714555679669 	0.1602890830078 	0.1607450603763 	0.1575658325756 	0.1674781293461 	0.1549069087573 	0.1665635391045 	0.1710569244557 	0.1547661520800 	0.3625940576935 	0.1623572931620 	0.1843893532646 	0.1627094088014 	0.1627771747481 	0.1940386668677 	0.2033040329133 	0.1554699401286 	0.1805955500423 	0.2961933359200 	0.1797641175240 	0.3462079640579 	0.3002285884663 	0.1762399869497 	0.1899593436448 	0.1784015391413 	0.2113245874039 	0.1699127890032 	0.1666736460323 	0.1892009145073 	0.1724248894082 	0.1988521297657 	0.1763752045175 	0.1723359052041 	0.1937699411177 	0.1832237045670 	0.5367102954817 	0.2170271671103 	0.3788648549759 	0.1887288446347 	0.1780492380505 	0.1318454030949 	0.1824835054185 	0.1874296676115 	0.1888177677741 	0.4144420015083 	0.1842236229697 	0.1950175374678 	0.1810699267451 	0.2043609594298 	0.1543458405728 	0.2102109331988 	0.1931866278471 	0.1904122941352 	0.2555397276050 	0.1998840647392 	0.3511527527606 	0.1542170577708 	0.3550663314469 	0.1942056887192 	0.2470186470858 	0.2269246293827 	0.1982597239085 	0.2198300098402 	0.1912034986509 	0.2812864349830 	0.1768691295230 	0.1942887922994 
0.1058703747061 	0.1428641616212 	0.2193171376162 	0.1652323375826 	0.2241384370609 	0.1620223019974 	0.1135816010935 	0.1511425646280 	0.2117780805160 	0.2811052015555 	0.2082600893558 	0.1654369628162 	0.3275021668122 	0.2886749600736 	0.1458303795746 	0.2357096237620 	0.3157364593785 	0.5009842361258 	0.1350815269749 	0.6802609507291 	1.0000000000000 	0.1616631031646 	0.1473117436935 	0.1632049012357 	0.3542739681709 	0.1725165605239 	0.1515193671111 	0.2303893590568 	0.1534479388588 	0.1690539350725 	0.1769197874142 	0.1923562281008 	0.1495125924095 	0.1739177255304 	0.1633824600219 	0.1638306754276 	0.1625283097253 	0.1934656047102 	0.1602326818657 	0.1613584853048 	0.1652294239819 	0.1641071514574 	0.4299905250339 	0.1644618476423 	0.2064652412847 	0.1734281402163 	0.1702128822839 	0.1981877292859 	0.2135754742627 	0.1644638089332 	0.1974497609250 	0.3608622448889 	0.1797278378565 	0.3419437033230 	0.2974675231920 	0.1835500364264 	0.2118197758898 	0.1814308967370 	0.2140183118022 	0.1737843432163 	0.1733262141325 	0.1793227210653 	0.1799381104930 	0.2137282723786 	0.2148252500215 	0.1809151820233 	0.1942546468049 	0.2114907360806 	0.4595927921106 	0.1882098623245 	0.3545007785543 	0.1955901239310 	0.1834997638678 	0.1458977121616 	0.2000034222277 	0.2100978769338 	0.1913730803408 	0.4051321060380 	0.1816333760475 	0.1960351587700 	0.1859760305227 	0.1887115651992 	0.1615088700608 	0.1937130049324 	0.1890938125445 	0.1860072741560 	0.2601805239437 	0.2014658265407 	0.3436441159290 	0.1629032874806 	0.3346727695346 	0.2015208760315 	0.2569930980804 	0.2222891851104 	0.1923920140180 	0.1964380612643 	0.1924947646321 	0.2489258312099 	0.1839412809431 	0.2045389605472 
0.4990538467055 	0.1338130993555 	0.2427033359725 	0.0941673201175 	0.2305995540108 	0.2990884204685 	0.2145238053401 	0.1301649625881 	0.2165310992209 	0.4635721441343 	0.1984210373251 	0.1516122218996 	0.3558600492799 	0.2835514477057 	0.1081739077163 	0.2449913546509 	0.3103525508311 	0.3340050137101 	0.6054855449104 	0.1483815422027 	0.1616631031646 	1.0000000000000 	0.5979321706113 	0.1892968866160 	0.2718193941685 	0.1334956575950 	0.5329762759665 	0.1718133289315 	0.5544210780158 	0.1746945845728 	0.1594210296251 	0.1757324927026 	0.4831202042488 	0.1788836689673 	0.1513183347993 	0.2670601363442 	0.3661615519119 	0.1689198297732 	0.1757082512041 	0.5226898093237 	0.1655103572926 	0.4595152936348 	0.1771295959013 	0.1569142202125 	0.1436320079174 	0.1627875049077 	0.2426645059111 	0.2685079532645 	0.2106944150982 	0.1461609724302 	0.4149596297331 	0.3300247064790 	0.4631682034971 	0.2678282615584 	0.2595414643993 	0.1542662023116 	0.2401556053191 	0.3749437077461 	0.3579783087342 	0.1714610679508 	0.3803715466005 	0.4767210117778 	0.1782095220824 	0.2242940649017 	0.2083436799800 	0.2143855593209 	0.2006461096768 	0.2317175022299 	0.2028102625340 	0.1723767182740 	0.1760431066600 	0.2995829830247 	0.3627894609074 	0.1274931820096 	0.1884412387065 	0.2215442921425 	0.1807624143040 	0.1887589081224 	0.1803473128414 	0.2417638235821 	0.2123799617583 	0.1779677062503 	0.1522061258643 	0.1838574788366 	0.1995731439589 	0.1942003380162 	0.3192433713194 	0.1844809520869 	0.1778105956979 	0.1475638524181 	0.1865070989846 	0.2644783237682 	0.2200848793795 	0.1896513264085 	0.1868181218804 	0.1853278702797 	0.2092718034626 	0.3029065722259 	0.1787939921751 	0.1952609849841 
0.5519053156507 	0.1159612215952 	0.2755796121468 	0.0838258834930 	0.2898110801709 	0.3368592374953 	0.2143874472165 	0.1181625137965 	0.2399855996049 	0.4945119771541 	0.2199070695669 	0.1357632225256 	0.3418229405916 	0.3517423586745 	0.1006110789484 	0.2989074663283 	0.2993044619366 	0.3571853321348 	0.9346957468477 	0.1327910171551 	0.1473117436935 	0.5979321706113 	1.0000000000000 	0.1941804775160 	0.3041229121384 	0.1347290924508 	0.8076863187622 	0.1679459633021 	0.6166179879557 	0.1667432940529 	0.1534107071629 	0.1861035513657 	0.5496223908891 	0.1742818659963 	0.1400856052580 	0.2554574263304 	0.4230452154140 	0.1912053613411 	0.2052283835470 	0.5290706151077 	0.1725106037907 	0.5356132306854 	0.1654883178654 	0.1487703968795 	0.1417771200270 	0.1551761521300 	0.2630573174048 	0.3031191499126 	0.1840459931660 	0.1510985030861 	0.5008302443353 	0.3137698806030 	0.5027748952412 	0.3126922377136 	0.2435544222947 	0.1597923752256 	0.2944240569243 	0.2396746208659 	0.3363839693521 	0.1617350746128 	0.4885266535649 	0.4615131132819 	0.1710437265459 	0.2308445272248 	0.2145614531306 	0.2371799990721 	0.2153878738748 	0.2319577054293 	0.1833779155459 	0.1681321006514 	0.1723093023587 	0.3103633459149 	0.3737507460161 	0.1183332165025 	0.1909346213743 	0.2097884280742 	0.1830619480035 	0.1777259415057 	0.1890560054047 	0.2217385495498 	0.2524526226913 	0.1737571429285 	0.1441172644419 	0.1885028262336 	0.1969714966227 	0.1933004440830 	0.3242435402735 	0.1774992550634 	0.1777333095676 	0.1438772117894 	0.1858516774679 	0.2824042833084 	0.2243215738767 	0.1781258397103 	0.1882381015347 	0.1868561114558 	0.2221481377550 	0.2805682513959 	0.1703045535560 	0.1905753603725 
