1.0	6.22355744860265E-6	4.396826849335646E-6	7.2299424830444346E-6	6.587101860978481E-6	7.3872369554275895E-6	-2.6428173622548923E-5	6.219646732139636E-6	4.3501428793284195E-6	-2.2995949167989E-5	5.172552750741134E-6	6.6534233670157475E-6	5.899930913570918E-6	4.221630580635216E-6	4.166865110196185E-6	5.485789873638936E-6	3.3353910878256083E-6	-3.490356578558729E-5	3.35975632677156E-6	6.065885111729661E-6	3.84480317357696E-6	3.0705712391704745E-6	3.014809178737893E-6	3.7628561938847206E-6	3.963330650384473E-6	3.7234259357015787E-6	2.9529091924684304E-6	3.878254591371702E-6	4.776776270394073E-6	3.285328341134525E-6	3.898631983305531E-6	3.849433057374933E-6	3.6943676322429774E-6	3.732015680290386E-6	5.238656879413643E-6	2.8964545288931386E-6	2.7997692767580896E-6	2.8543843279188124E-6	3.1329583576937966E-6	6.553108358208672E-6	2.256801012675322E-6	2.9004136171428355E-6	3.8148181735217215E-6	2.4701211621874177E-6	2.192043485387439E-6	4.236086359969662E-6	1.8019374370809084E-6	1.4598172728444507E-6	3.6865165703596844E-6	1.8070984068546918E-6	2.466964666710412E-6	3.0475599380401654E-6	1.845543503892591E-6	1.875779726839752E-6	2.157427643370283E-6	2.5421836840518063E-6	1.0818202712878077E-6	4.2917231410953995E-6	1.8223752005790795E-6	2.3176620110718612E-6	1.807602396096145E-6	1.2674913077596031E-6	2.0634269467889614E-6	2.131064484752863E-6	1.61357691975473E-6	1.557279030818616E-6	3.074521595758814E-6	3.0748485624805844E-6	1.4963078044535136E-6	1.5927559097949235E-6	1.4195088207337297E-6	1.5976467994549452E-6	2.0524890567974395E-6	2.111414612064205E-6	1.69067922590393E-6	2.6220784195932166E-6	1.4768034641237177E-6	1.265500498136562E-6	1.3957428182307806E-6	1.0525355518426E-6	1.0914105628035935E-6	1.3517173973897815E-6	1.8480634895685234E-6	2.2179119529750862E-6	1.5181461121629155E-6	1.5784858068235532E-6	1.454875758975711E-6	1.2570085767800788E-6	2.1431284012294975E-6	2.815113312666523E-6	1.4336830321265846E-6	1.9171763493124528E-6	1.6398401463948843E-6	2.4359616493987007E-6	2.937567843267429E-6	1.0710752519196486E-6	1.1860444585249333E-6	1.5473640107616144E-6	1.1181765314956947E-6	1.517892231093616E-6	
6.22355744860265E-6	1.0	3.4041705174388504E-6	5.5976634711638305E-6	5.099954744385194E-6	5.719446116646841E-6	-2.0461576622975238E-5	4.815458684172158E-6	3.3680262252524035E-6	-1.7804233566763933E-5	4.004763475421092E-6	5.151303074274126E-6	4.567923995901475E-6	3.268527702037691E-6	3.226126441712784E-6	4.247282140648309E-6	2.5823714224770616E-6	-2.7023508924108942E-5	2.6012358060228214E-6	4.696411290938477E-6	2.9767753103180867E-6	2.3773390315925676E-6	2.3341661779367728E-6	2.913329215709282E-6	3.0685432502167247E-6	2.882800990013441E-6	2.2862411366492787E-6	3.0026745176613547E-6	3.6983400768975063E-6	2.543611168287487E-6	3.018451376569027E-6	2.9803599213260485E-6	2.8603030788356314E-6	2.8894514577902115E-6	4.055943504478169E-6	2.24253204645757E-6	2.1676750880037687E-6	2.2099598886885723E-6	2.4256412269763016E-6	5.0736358367095485E-6	1.747290883705437E-6	2.2455973050991727E-6	2.9535599196167518E-6	1.9124504837143494E-6	1.6971534385138063E-6	3.2797198502625763E-6	1.3951202782768225E-6	1.130239395671436E-6	2.854224523934673E-6	1.3991160738237775E-6	1.9100066192617665E-6	2.3595229120227146E-6	1.4288815547856364E-6	1.4522914506588355E-6	1.6703526949619133E-6	1.9682437002200466E-6	8.375814647424889E-7	3.3227957084856598E-6	1.4109438788703675E-6	1.7944115058046888E-6	1.3995062791640494E-6	9.81334195963893E-7	1.59757420927531E-6	1.649941455132093E-6	1.2492852609555941E-6	1.205697550937101E-6	2.3803975298896814E-6	2.3806506784699135E-6	1.158491586655034E-6	1.2331649381234173E-6	1.0990312428419368E-6	1.2369516286061703E-6	1.5891057287305833E-6	1.6347278659755706E-6	1.30898044714636E-6	2.0301008787145187E-6	1.1433906735220055E-6	9.797928445173118E-7	1.0806308082080049E-6	8.14908254729248E-7	8.450065894404549E-7	1.0465448537730667E-6	1.4308326120449585E-6	1.7171816719900686E-6	1.1753995354559596E-6	1.2221165467537878E-6	1.1264135102317988E-6	9.732181147613476E-7	1.6592817430719759E-6	2.1795549541999795E-6	1.1100053917417945E-6	1.4843421014058417E-6	1.2696191301036904E-6	1.8860030455253755E-6	2.274363350591891E-6	8.2926231109014E-7	9.182753190957162E-7	1.1980210105332051E-6	8.657296983129614E-7	1.1752029722341957E-6	
4.396826849335646E-6	3.4041705174388504E-6	1.0	3.9546444693114435E-6	3.6030225695987143E-6	4.040681628904635E-6	-1.4455720898958819E-5	3.4020314280522114E-6	2.379447487832104E-6	-1.2578357767994413E-5	2.829290437083329E-6	3.6392992035638895E-6	3.2271528039664263E-6	2.3091536435231842E-6	2.279197946740137E-6	3.0006253347752405E-6	1.824397074996641E-6	-1.9091603248148904E-5	1.837724408881666E-6	3.317926672976673E-6	2.1030360395861205E-6	1.6795455284865607E-6	1.6490447154573731E-6	2.058212561283672E-6	2.1678683714777695E-6	2.0366449412350787E-6	1.6151865708144431E-6	2.121333344811279E-6	2.6128080414406757E-6	1.797013680898454E-6	2.1324794003295756E-6	2.105568500169057E-6	2.0207505880877853E-6	2.041343372240663E-6	2.865448169660934E-6	1.5843069167095243E-6	1.5314218766809832E-6	1.5612952969081064E-6	1.7136701254391833E-6	3.584428753944382E-6	1.2344283047954194E-6	1.5864724645664955E-6	2.086634800584725E-6	1.3511104708623155E-6	1.1990071382044127E-6	2.3170606867574314E-6	9.856263637379E-7	7.984929780283205E-7	2.016456202824306E-6	9.884493185013773E-7	1.3493839263690746E-6	1.6669587734798572E-6	1.009478073671923E-6	1.0260167269366314E-6	1.1800729145221712E-6	1.390527334026023E-6	5.917356275890915E-7	2.3474929743288996E-6	9.968054413823884E-7	1.2677181423384004E-6	9.887249912706947E-7	6.932942415360894E-7	1.128656276600287E-6	1.165652755625408E-6	8.8259665363612E-7	8.518027523516711E-7	1.6817063002866854E-6	1.681885145020365E-6	8.184526221539054E-7	8.712079472838733E-7	7.764450021861885E-7	8.73883173233371E-7	1.1226734536024067E-6	1.1549046396434184E-6	9.24770185348048E-7	1.4342282728338923E-6	8.077841096735246E-7	6.92205305588995E-7	7.634454395235055E-7	5.757174290956837E-7	5.969813392100249E-7	7.393643507117653E-7	1.0108564591071383E-6	1.2131567102812261E-6	8.303977715108532E-7	8.634024655771263E-7	7.957900615754072E-7	6.875603820775008E-7	1.1722514942300986E-6	1.5398147797897578E-6	7.84198032977659E-7	1.0486599117882082E-6	8.969621515944139E-7	1.3324258508060587E-6	1.6067951372848126E-6	5.858583012456817E-7	6.487443253197296E-7	8.463794202403176E-7	6.116218277481039E-7	8.302589032738067E-7	
7.2299424830444346E-6	5.5976634711638305E-6	3.9546444693114435E-6	1.0	5.924646759115775E-6	6.6443134492978685E-6	-2.377033124836552E-5	5.594146049677506E-6	3.912655437193318E-6	-2.0683280536165707E-5	4.652356762930276E-6	5.984298409279418E-6	5.3065835786092594E-6	3.79706743050564E-6	3.747809642513903E-6	4.9340920911791E-6	2.9999557340888345E-6	-3.139336574376977E-5	3.0218705969530886E-6	5.4558480082528E-6	3.458136999021154E-6	2.7617684263475355E-6	2.7116142739454595E-6	3.38443130600173E-6	3.564744342607836E-6	3.348966490626741E-6	2.6559394778392693E-6	3.4882242571520015E-6	4.296382938460808E-6	2.9549277238658834E-6	3.506552324886186E-6	3.4623012622461147E-6	3.3228305378139765E-6	3.356692377293408E-6	4.711812897049565E-6	2.60516237636924E-6	2.5182006171911117E-6	2.567323113349119E-6	2.817881364536541E-6	5.894071932694883E-6	2.0298378692036636E-6	2.608723304963129E-6	3.431167546119302E-6	2.221704726455084E-6	1.9715929107573222E-6	3.810069413470512E-6	1.6207192513560046E-6	1.3130056065619047E-6	3.3157690456245186E-6	1.6253611900248561E-6	2.2188656750645496E-6	2.7410713377732174E-6	1.6599399204554263E-6	1.6871353311341356E-6	1.940458332827698E-6	2.2865200269663384E-6	9.73023204969685E-7	3.860110885720535E-6	1.6391016191755037E-6	2.0845781669122283E-6	1.6258144938129294E-6	1.1400215796283218E-6	1.8559111474176302E-6	1.916746478121454E-6	1.451301872958862E-6	1.4006657795341793E-6	2.7653215014103493E-6	2.765615585571998E-6	1.34582633932099E-6	1.4325748012081361E-6	1.2767509159251215E-6	1.4369738213212296E-6	1.8460732648620674E-6	1.8990727640968458E-6	1.5206501140955726E-6	2.3583798669970363E-6	1.3282835216809343E-6	1.1382309827876931E-6	1.2553750251801557E-6	9.46683606491563E-7	9.816490150371696E-7	1.2157771758665596E-6	1.6622064748951524E-6	1.994859824779763E-6	1.3654684006896689E-6	1.4197398214088379E-6	1.308561053441968E-6	1.1305930814154074E-6	1.9275971443422007E-6	2.5320015260787045E-6	1.2894996478202775E-6	1.724368756447342E-6	1.474923845699147E-6	2.1909805853976113E-6	2.6421409854609117E-6	9.633587963238552E-7	1.066765719685282E-6	1.3917478983950897E-6	1.0057231698040272E-6	1.3652400520644055E-6	
6.587101860978481E-6	5.099954744385194E-6	3.6030225695987143E-6	5.924646759115775E-6	1.0	6.053543245943601E-6	-2.1656824182126922E-5	5.0967500697044825E-6	3.5647669358568655E-6	-1.8844254436384814E-5	4.238698712044166E-6	5.4522125564429265E-6	4.834755829395728E-6	3.4594562814851603E-6	3.4145781835322387E-6	4.49538392210821E-6	2.7332187005931094E-6	-2.8602066807326366E-5	2.7531850328695777E-6	4.970748612822249E-6	3.150661393944977E-6	2.5162094973022563E-6	2.4705147339762278E-6	3.0835091435928392E-6	3.2477898888093093E-6	3.0511976346280434E-6	2.4197901875637574E-6	3.1780734839429583E-6	3.914375821907552E-6	2.6921942954015952E-6	3.1947719361592957E-6	3.1544553973002003E-6	3.0273855249445773E-6	3.0582365844618853E-6	4.292868383880731E-6	2.3735278638491867E-6	2.294298192650613E-6	2.3390530280614294E-6	2.5673332289829163E-6	5.370008445799815E-6	1.849357562259029E-6	2.376772177261448E-6	3.126089893712993E-6	2.0241648356813123E-6	1.796291376037731E-6	3.4713022106035685E-6	1.4766151766445772E-6	1.1962614771476251E-6	3.020951895845652E-6	1.4808443835733804E-6	2.021578214730749E-6	2.49735266255088E-6	1.5123485926460877E-6	1.5371259599227862E-6	1.7679250872737512E-6	2.083217170830427E-6	8.86508154008459E-7	3.5168943125818717E-6	1.4933631009270987E-6	1.8992306999433512E-6	1.4812573824641748E-6	1.0386580925555608E-6	1.690895301260759E-6	1.7463215402705691E-6	1.3222613168263186E-6	1.276127463616195E-6	2.5194466554696064E-6	2.5197145915331394E-6	1.2261639985498439E-6	1.3051993374994871E-6	1.1632303236186978E-6	1.3092072246495432E-6	1.6819321408149038E-6	1.7302192607828803E-6	1.385443552275425E-6	2.1486876897323286E-6	1.2101809769705413E-6	1.0370267042272541E-6	1.1437550414796693E-6	8.625105055403619E-7	8.943670117630301E-7	1.1076779817359658E-6	1.514413619443043E-6	1.8174895436602082E-6	1.2440596124220857E-6	1.2935055626845625E-6	1.1922121054968526E-6	1.0300679165935568E-6	1.7562074340827478E-6	2.306872012266724E-6	1.1748455191459982E-6	1.571048825249365E-6	1.343782973597783E-6	1.9961724903464394E-6	2.407218569596209E-6	8.777030432727243E-7	9.719156789761952E-7	1.2680025038969376E-6	9.163006454037057E-7	1.2438515671080389E-6	
7.3872369554275895E-6	5.719446116646841E-6	4.040681628904635E-6	6.6443134492978685E-6	6.053543245943601E-6	1.0	-2.4287478061200194E-5	5.715852170214692E-6	3.997779084311359E-6	-2.1133265540433543E-5	4.753573336102124E-6	6.1144926761188105E-6	5.422033496241658E-6	3.879676347448662E-6	3.829346908086103E-6	5.041438092062513E-6	3.0652227061944854E-6	-3.2076359130311666E-5	3.087614348341516E-6	5.5745453195901155E-6	3.5333721528229096E-6	2.8218534005344757E-6	2.7706080954768415E-6	3.4580629203393317E-6	3.6422988434723043E-6	3.4218265332076294E-6	2.713722039709997E-6	3.564113988691304E-6	4.389854952802008E-6	3.0192150675544216E-6	3.582840801470946E-6	3.537627013668581E-6	3.3951219671704104E-6	3.429720504097619E-6	4.814322996590145E-6	2.661840232717952E-6	2.5729865353868558E-6	2.623177739509476E-6	2.8791871305938197E-6	6.022303234259984E-6	2.0739989780103396E-6	2.665478632797359E-6	3.5058159530866804E-6	2.270040086460847E-6	2.0144868435070265E-6	3.8929612012738746E-6	1.6559795843560418E-6	1.3415713281571496E-6	3.3879068453095143E-6	1.6607225129422358E-6	2.267139268729627E-6	2.8007060265485108E-6	1.6960535374846207E-6	1.7238406109302167E-6	1.9826749023729515E-6	2.336265507249017E-6	9.94192276784738E-7	3.944091374712503E-6	1.6747618785724802E-6	2.1299302044526197E-6	1.6611856787977242E-6	1.164823864472715E-6	1.8962883102246218E-6	1.958447173068259E-6	1.4828763651365124E-6	1.4311386339578007E-6	2.8254837762215553E-6	2.8257842584718676E-6	1.3751061080687085E-6	1.4637418676175705E-6	1.3045278812545308E-6	1.4682365927171575E-6	1.8862363949088294E-6	1.940388950103356E-6	1.5537333451084045E-6	2.4096887284061453E-6	1.3571816292672703E-6	1.1629943114459261E-6	1.282686937092566E-6	9.672796345714665E-7	1.0030057497896011E-6	1.242227597825226E-6	1.698369403033746E-6	2.0382599520080168E-6	1.3951755016999541E-6	1.4506276502751918E-6	1.3370300794356058E-6	1.155190240056481E-6	1.9695339061487626E-6	2.587087696549895E-6	1.3175539742852292E-6	1.761884085839723E-6	1.5070122570051369E-6	2.238647511654642E-6	2.6996233476297153E-6	9.843176094733098E-7	1.0899742516242074E-6	1.4220267355894123E-6	1.0276036613471943E-6	1.3949421851269349E-6	
-2.6428173622548923E-5	-2.0461576622975238E-5	-1.4455720898958819E-5	-2.377033124836552E-5	-2.1656824182126922E-5	-2.4287478061200194E-5	1.0	-2.0448719117405558E-5	-1.4302235109318996E-5	7.560521129671544E-5	-1.70061231570112E-5	-2.187487351946168E-5	-1.93975695500966E-5	-1.3879717237760497E-5	-1.3699661396879151E-5	-1.8035972313906627E-5	-1.0965972576738362E-5	1.1475462251854101E-4	-1.1046079687140567E-5	-1.9943187481572742E-5	-1.2640798351442385E-5	-1.0095307901543895E-5	-9.911975509801868E-6	-1.237137617323615E-5	-1.3030488503522426E-5	-1.2241738862784522E-5	-9.708463077808795E-6	-1.2750778656759232E-5	-1.5704904224741026E-5	-1.0801378173001285E-5	-1.2817774674691716E-5	-1.2656020308156058E-5	-1.2146202072506264E-5	-1.226997989992882E-5	-1.722345780927367E-5	-9.522853571668623E-6	-9.204975459156433E-6	-9.384536757227805E-6	-1.0300421908523653E-5	-2.1545061630346515E-5	-7.419824951408188E-6	-9.535870112167736E-6	-1.2542214803168407E-5	-8.12117086498151E-6	-7.206917604210334E-6	-1.3927244401916905E-5	-5.924341703781815E-6	-4.799531976772562E-6	-1.212038964840262E-5	-5.941309744865592E-6	-8.110793058622972E-6	-1.0019652216646524E-5	-6.067708079791433E-6	-6.16711758918089E-6	-7.093108949007533E-6	-8.358095296859949E-6	-3.556767741930845E-6	-1.411016490509561E-5	-5.991536209058531E-6	-7.6199214383975E-6	-5.942966741618064E-6	-4.167209948146499E-6	-6.784057016636666E-6	-7.006433153929092E-6	-5.305057124207764E-6	-5.119963055792489E-6	-1.0108295734417285E-5	-1.01093707232297E-5	-4.919504165460173E-6	-5.236602595720047E-6	-4.6670073735647574E-6	-5.2526826776281066E-6	-6.748095835912697E-6	-6.941829046234874E-6	-5.558551168106108E-6	-8.620770184422844E-6	-4.85537853354714E-6	-4.160664639618374E-6	-4.588870410059246E-6	-3.4604865497414833E-6	-3.5882983393917837E-6	-4.444125297744248E-6	-6.075993193317375E-6	-7.291966972844738E-6	-4.991303326985124E-6	-5.189685891282459E-6	-4.783285454507163E-6	-4.132745221994782E-6	-7.0460964419116364E-6	-9.255422999657017E-6	-4.713608809299919E-6	-6.303219837718459E-6	-5.3914043667136936E-6	-8.00886251174428E-6	-9.658024370563215E-6	-3.5214406739423736E-6	-3.899432079929136E-6	-5.08736482812445E-6	-3.6762984781877318E-6	-4.990468626414671E-6	
6.219646732139636E-6	4.815458684172158E-6	3.4020314280522114E-6	5.594146049677506E-6	5.0967500697044825E-6	5.715852170214692E-6	-2.0448719117405558E-5	1.0	3.3659098479688753E-6	-1.7793045864248794E-5	4.002246989539321E-6	5.148066133681081E-6	4.565053635063628E-6	3.266473846955652E-6	3.224099230444702E-6	4.244613262546409E-6	2.580748729584951E-6	-2.7006528076400755E-5	2.5996012592584027E-6	4.693460192132973E-6	2.974904784608493E-6	2.3758451755519045E-6	2.332699450558606E-6	2.911498557822673E-6	3.066615059996712E-6	2.880989515244494E-6	2.2848045240807684E-6	3.0007877175849897E-6	3.6960161392550912E-6	2.5420128312988002E-6	3.016554662737969E-6	2.9784871431431054E-6	2.858505741150234E-6	2.8876358040458096E-6	4.05339485843979E-6	2.241122899508202E-6	2.1663129791579637E-6	2.208571209208923E-6	2.4241170191324694E-6	5.070447700124033E-6	1.746192933010676E-6	2.2441862320235446E-6	2.9517039818355827E-6	1.911248751159758E-6	1.6960869928439358E-6	3.2776589623349863E-6	1.3942436221384003E-6	1.1295291835703507E-6	2.85243100585003E-6	1.3982369068346792E-6	1.9088064223660043E-6	2.3580402511534118E-6	1.4279836839671953E-6	1.451378869690139E-6	1.6693030901599698E-6	1.967006908705669E-6	8.370551510303824E-7	3.3207077528449005E-6	1.4100572796060313E-6	1.7932839457756985E-6	1.3986268669803882E-6	9.8071755189375E-7	1.5965703365204277E-6	1.6489046762054294E-6	1.2485002436279057E-6	1.2049399229565125E-6	2.3789017519707767E-6	2.3791547414792356E-6	1.1577636216354117E-6	1.2323900503739337E-6	1.098340641106476E-6	1.2361743614020207E-6	1.5881071773415853E-6	1.6337006468600069E-6	1.3081579189658635E-6	2.028825217809396E-6	1.1426721975108938E-6	9.79177168991049E-7	1.0799517688118078E-6	8.143961882537744E-7	8.444756099792755E-7	1.0458872330757838E-6	1.4299335152345008E-6	1.7161026411158308E-6	1.1746609459351134E-6	1.2213486015169068E-6	1.1257057022144387E-6	9.726065706188005E-7	1.6582390949590603E-6	2.1781853803651073E-6	1.1093078941457061E-6	1.483409380668442E-6	1.2688213355183819E-6	1.8848179318311033E-6	2.272934201705345E-6	8.287412249109059E-7	9.176982995313234E-7	1.1972682062845711E-6	8.651856970063661E-7	1.1744645062284022E-6	
4.3501428793284195E-6	3.3680262252524035E-6	2.379447487832104E-6	3.912655437193318E-6	3.5647669358568655E-6	3.997779084311359E-6	-1.4302235109318996E-5	3.3659098479688753E-6	1.0	-1.2444805163604282E-5	2.7992500205664736E-6	3.6006583972077842E-6	3.192888023962212E-6	2.2846358575993186E-6	2.2549982199298283E-6	2.968765744226947E-6	1.8050262648080873E-6	-1.8888895280797142E-5	1.818212093722213E-6	3.2826980877730436E-6	2.080706738305813E-6	1.6617127013672738E-6	1.6315357353053294E-6	2.036359180022141E-6	2.1448507031679573E-6	2.0150205574214757E-6	1.5980370846027281E-6	2.0988097691422786E-6	2.5850661593013567E-6	1.7779336180130307E-6	2.1098374797406264E-6	2.083212310107829E-6	1.9992949649579744E-6	2.0196691021295857E-6	2.8350238429831772E-6	1.567485299867122E-6	1.515161774700804E-6	1.5447180093980697E-6	1.695474975282116E-6	3.546370542835279E-6	1.221321576709038E-6	1.569627854694195E-6	2.0644796419249626E-6	1.3367648523379655E-6	1.1862764996788486E-6	2.292458946613433E-6	9.751613276607967E-7	7.900148588040239E-7	1.995046175975566E-6	9.77954309277724E-7	1.3350566396904175E-6	1.6492595881239048E-6	9.98759788479188E-7	1.0151228401067552E-6	1.1675433129627606E-6	1.3757632010318597E-6	5.854527856130078E-7	2.322568114797007E-6	9.86221709767947E-7	1.2542579543977524E-6	9.782270550499739E-7	6.859330857100543E-7	1.1166725989230003E-6	1.153276262270733E-6	8.73225550993528E-7	8.427586085849297E-7	1.663850530848002E-6	1.6640274766708376E-6	8.097625784077563E-7	8.619577659429354E-7	7.682009806596644E-7	8.646045872787722E-7	1.1107532994476424E-6	1.1426422660258473E-6	9.149512988929468E-7	1.4190001385527775E-6	7.992073404623349E-7	6.848557117040679E-7	7.553394428076566E-7	5.696046627499717E-7	5.906428001022667E-7	7.315140385762631E-7	1.0001235386998447E-6	1.2002758365471617E-6	8.215808983458025E-7	8.542351601115359E-7	7.873406409728537E-7	6.802601063661855E-7	1.1598049377763607E-6	1.5234655648991934E-6	7.758716924812649E-7	1.037525607539429E-6	8.87438521117817E-7	1.3182786190438426E-6	1.5897347483800055E-6	5.796378626655334E-7	6.418561849258994E-7	8.373928595175081E-7	6.05127841052523E-7	8.214435045631377E-7	
-2.2995949167989E-5	-1.7804233566763933E-5	-1.2578357767994413E-5	-2.0683280536165707E-5	-1.8844254436384814E-5	-2.1133265540433543E-5	7.560521129671544E-5	-1.7793045864248794E-5	-1.2444805163604282E-5	1.0	-1.4797539521593033E-5	-1.9033985726525336E-5	-1.6878408993649213E-5	-1.2077159648795184E-5	-1.1920487643251292E-5	-1.5693642264101786E-5	-9.54182273636491E-6	9.985145034678419E-5	-9.611526343776964E-6	-1.7353167575024035E-5	-1.0999139043212187E-5	-8.784231201698563E-6	-8.624708170650043E-6	-1.0764706698274309E-5	-1.1338220171423504E-5	-1.0651905373294482E-5	-8.44762587930421E-6	-1.1094836216488974E-5	-1.3665309771241334E-5	-9.398604192558925E-6	-1.1153131467793007E-5	-1.1012384125820782E-5	-1.056877593709927E-5	-1.0676478749566972E-5	-1.4986648942745242E-5	-8.286121462493006E-6	-8.009526150938457E-6	-8.165767839901191E-6	-8.962707071636262E-6	-1.874700647682721E-5	-6.456212973883996E-6	-8.297447546086058E-6	-1.0913358531199274E-5	-7.066475158780047E-6	-6.270955884098726E-6	-1.2118514464555399E-5	-5.154947996774377E-6	-4.17621720457559E-6	-1.0546315770117338E-5	-5.1697123999380505E-6	-7.057445117169736E-6	-8.718400913574339E-6	-5.279695394842892E-6	-5.366194600477906E-6	-6.171927548380218E-6	-7.2726302366883714E-6	-3.094850645524713E-6	-1.2277679098970067E-5	-5.213415957889674E-6	-6.630322948686546E-6	-5.1711542026761265E-6	-3.626014779097419E-6	-5.903012161771531E-6	-6.096508330760949E-6	-4.616089848050333E-6	-4.455033929114554E-6	-8.795532305922578E-6	-8.796467686037736E-6	-4.280608616257507E-6	-4.556525502821456E-6	-4.060903559281753E-6	-4.570517265985119E-6	-5.871721256249265E-6	-6.040294352534622E-6	-4.83666264400399E-6	-7.501191560992285E-6	-4.224810974207089E-6	-3.6203195091801243E-6	-3.992914235971848E-6	-3.0110734828254772E-6	-3.12228636722095E-6	-3.866967157953919E-6	-5.286904521444476E-6	-6.344959899125237E-6	-4.343083227341614E-6	-4.51570186643306E-6	-4.162080616648343E-6	-3.5960259837310486E-6	-6.131020551215852E-6	-8.053422074038181E-6	-4.101452870884834E-6	-5.484621262634708E-6	-4.691223182189177E-6	-6.968752280950145E-6	-8.403737642285484E-6	-3.0641115005758607E-6	-3.3930131977628322E-6	-4.4266692302470845E-6	-3.1988579361620966E-6	-4.342356929256747E-6	
5.172552750741134E-6	4.004763475421092E-6	2.829290437083329E-6	4.652356762930276E-6	4.238698712044166E-6	4.753573336102124E-6	-1.70061231570112E-5	4.002246989539321E-6	2.7992500205664736E-6	-1.4797539521593033E-5	1.0	4.2813755808939265E-6	3.796514778775227E-6	2.716554333381245E-6	2.681313595661739E-6	3.530021390694606E-6	2.146272853602101E-6	-2.2459907629110368E-5	2.161951510030759E-6	3.903303752263076E-6	2.4740716940246548E-6	1.9758653549617956E-6	1.9399833269129075E-6	2.421340073259068E-6	2.5503423019322144E-6	2.3959673087104375E-6	1.9001516380133909E-6	2.495597166761395E-6	3.0737820444201933E-6	2.11405824626804E-6	2.5087097049864993E-6	2.4770509530228545E-6	2.3772687374656526E-6	2.4014946772093297E-6	3.3709951107866215E-6	1.8638239304971243E-6	1.8016084581471006E-6	1.8367524033750551E-6	2.0160105059726638E-6	4.216824415965365E-6	1.4522167331940865E-6	1.8663715428794791E-6	2.4547768077761664E-6	1.5894849677034697E-6	1.4105462606094188E-6	2.725856404996304E-6	1.1595190198872138E-6	9.393699573527537E-7	2.3722166999239186E-6	1.1628400245406605E-6	1.587453811423313E-6	1.961057936688623E-6	1.1875788530479746E-6	1.20703539736262E-6	1.3882714987989726E-6	1.6358560919186137E-6	6.961347019294074E-7	2.761657817738525E-6	1.1726704062852212E-6	1.4913798493810906E-6	1.163164333864202E-6	8.156111575492996E-7	1.3277834966487655E-6	1.371307211797576E-6	1.0383119247123042E-6	1.0020850992645398E-6	1.978407348654394E-6	1.978617746709821E-6	9.628510530755038E-7	1.0249139251120702E-6	9.134320885217978E-7	1.0280611373672035E-6	1.320745132706924E-6	1.3586628210146354E-6	1.0879260725830495E-6	1.6872671251447158E-6	9.50300310126632E-7	8.14330102183343E-7	8.98139031525602E-7	6.772904354804085E-7	7.023059069834693E-7	8.698093504982884E-7	1.1892004250631609E-6	1.427192221543448E-6	9.76903668127568E-7	1.0157313333802186E-6	9.361901691981092E-7	8.088656814295461E-7	1.3790701564598777E-6	1.8114821092026464E-6	9.225529754980633E-7	1.2336734870811767E-6	1.0552119070236764E-6	1.5675038467313884E-6	1.890279715812745E-6	6.892204472665927E-7	7.632013630391889E-7	9.957049363898058E-7	7.195293960711226E-7	9.767402995651618E-7	
6.6534233670157475E-6	5.151303074274126E-6	3.6392992035638895E-6	5.984298409279418E-6	5.4522125564429265E-6	6.1144926761188105E-6	-2.187487351946168E-5	5.148066133681081E-6	3.6006583972077842E-6	-1.9033985726525336E-5	4.2813755808939265E-6	1.0	4.883434033360886E-6	3.494287434168154E-6	3.4489574860530303E-6	4.540645197585988E-6	2.7607378105717166E-6	-2.88900435513445E-5	2.780905171654868E-6	5.020796045075869E-6	3.1823834794797007E-6	2.541543674135764E-6	2.4953888381426118E-6	3.114555114127198E-6	3.280489901844547E-6	3.0819182803105764E-6	2.444153577248699E-6	3.2100715650719E-6	3.953787281633515E-6	2.719300355697047E-6	3.2269381438062203E-6	3.1862156823377925E-6	3.0578664210362492E-6	3.08902810103176E-6	4.336090654075964E-6	2.3974254664480495E-6	2.317398080074027E-6	2.362603524591783E-6	2.5931821394505573E-6	5.424075781492326E-6	1.8679776141906695E-6	2.4007024448708267E-6	3.1575645838171657E-6	2.044544915298013E-6	1.8143771369466836E-6	3.5062526327128023E-6	1.4914823131211949E-6	1.2083059034299612E-6	3.0513680156548054E-6	1.495754101351879E-6	2.041932251240692E-6	2.522496981430738E-6	1.5275755070667991E-6	1.5526023425236031E-6	1.7857252453438195E-6	2.104191812347757E-6	8.954338632397756E-7	3.5523037737238124E-6	1.5083988620257216E-6	1.9183528940418863E-6	1.4961712584762956E-6	1.0491157066034246E-6	1.7079198934558905E-6	1.7639041854186827E-6	1.3355743585489971E-6	1.288976011743849E-6	2.5448134252718384E-6	2.545084059019972E-6	1.2385094950593545E-6	1.3183405925717062E-6	1.1749421793875635E-6	1.3223888326899462E-6	1.6988664884211138E-6	1.7476397819121465E-6	1.399392737342813E-6	2.1703215139230506E-6	1.2223655501962562E-6	1.047467892822294E-6	1.1552708125258118E-6	8.71194597104099E-7	9.033718470338425E-7	1.1188305148990307E-6	1.5296613253575052E-6	1.8357887359736885E-6	1.2565852889392106E-6	1.3065290802793059E-6	1.2042157611289012E-6	1.040439041405494E-6	1.773889614258554E-6	2.3300984978012926E-6	1.1866743212254792E-6	1.586866756465194E-6	1.357312703739682E-6	2.0162707321322843E-6	2.4314553833370513E-6	8.865400992211338E-7	9.817013044198797E-7	1.2807692467669162E-6	9.255263170372494E-7	1.2563751489439456E-6	
5.899930913570918E-6	4.567923995901475E-6	3.2271528039664263E-6	5.3065835786092594E-6	4.834755829395728E-6	5.422033496241658E-6	-1.93975695500966E-5	4.565053635063628E-6	3.192888023962212E-6	-1.6878408993649213E-5	3.796514778775227E-6	4.883434033360886E-6	1.0	3.098563448698439E-6	3.058367064454979E-6	4.026422413099913E-6	2.448087466311628E-6	-2.5618279739718258E-5	2.4659708972217223E-6	4.452196735883381E-6	2.8219822539026514E-6	2.2537168107415756E-6	2.212788956212316E-6	2.7618353719915864E-6	2.9089782381052655E-6	2.732894621623836E-6	2.1673560289900023E-6	2.846534696023329E-6	3.5060254731777223E-6	2.411342754978999E-6	2.8614911543443366E-6	2.82538046424676E-6	2.711566607422162E-6	2.7391992634223437E-6	3.84503343359364E-6	2.125919822358051E-6	2.0549554443596383E-6	2.095041424893242E-6	2.299507279953331E-6	4.80980551146433E-6	1.6564313232279986E-6	2.1288256867880067E-6	2.7999740692911017E-6	1.8130025829637584E-6	1.6089010376547552E-6	3.109173602432312E-6	1.3225736768611632E-6	1.071466666023117E-6	2.7058041388876977E-6	1.3263616900459825E-6	1.8106858000704624E-6	2.2368271338199533E-6	1.3545793585956014E-6	1.3767719340617076E-6	1.5834939394324994E-6	1.8658945383362324E-6	7.940270202820659E-7	3.150009505315483E-6	1.3375744462887543E-6	1.7011016612599052E-6	1.3267316046115222E-6	9.30304573730832E-7	1.5144999531005051E-6	1.5641440891497954E-6	1.184322116707597E-6	1.143000978449668E-6	2.256616266366637E-6	2.2568562511577423E-6	1.0982497360496763E-6	1.169040054671573E-6	1.0418813449017462E-6	1.1726298363075302E-6	1.5064718356500875E-6	1.5497216104128017E-6	1.240913138371155E-6	1.9245351281660493E-6	1.0839340741549336E-6	9.288433729427838E-7	1.024437737444688E-6	7.725328228279974E-7	8.010660366492219E-7	9.921242611170267E-7	1.35642896039224E-6	1.6278877980095339E-6	1.114278467308203E-6	1.1585661824007317E-6	1.0678397275777806E-6	9.226105307691656E-7	1.5729986797940167E-6	2.0662175545593032E-6	1.052284835329707E-6	1.4071559429993584E-6	1.203598619603267E-6	1.787930418137688E-6	2.1560958907614247E-6	7.861404646884866E-7	8.705247741415872E-7	1.135723620055814E-6	8.20711538706835E-7	1.1140921254228532E-6	
4.221630580635216E-6	3.268527702037691E-6	2.3091536435231842E-6	3.79706743050564E-6	3.4594562814851603E-6	3.879676347448662E-6	-1.3879717237760497E-5	3.266473846955652E-6	2.2846358575993186E-6	-1.2077159648795184E-5	2.716554333381245E-6	3.494287434168154E-6	3.098563448698439E-6	1.0	2.188380866700042E-6	2.8810622088131537E-6	1.7517020221505904E-6	-1.833087789616237E-5	1.7644983141619208E-6	3.1857203358053606E-6	2.0192383191610623E-6	1.6126222404458233E-6	1.583336764935749E-6	1.976200880295202E-6	2.0814873374431977E-6	1.9554926451363804E-6	1.5508277342811163E-6	2.0368065486885486E-6	2.5086979103446438E-6	1.725409748679789E-6	2.04750847770279E-6	2.021669871143327E-6	1.940231619490995E-6	1.96000386213306E-6	2.7512713224296348E-6	1.5211785130231859E-6	1.470400733980934E-6	1.499083815826207E-6	1.6453871063328683E-6	3.4416033563037004E-6	1.1852411886343561E-6	1.5232577723095048E-6	2.0034906050706015E-6	1.29727402898994E-6	1.1512314163129913E-6	2.2247349253429933E-6	9.463530270392432E-7	7.666761712429467E-7	1.9361083486016557E-6	9.4906349815071E-7	1.295616280508761E-6	1.6005370181552772E-6	9.69254340078925E-7	9.851339930143969E-7	1.1330516470255982E-6	1.3351202850802307E-6	5.681572885816364E-7	2.2539546058655066E-6	9.57086662377737E-7	1.2172045569933037E-6	9.493281864436714E-7	6.656691909278374E-7	1.083683760037446E-6	1.1192060747840182E-6	8.474286459380461E-7	8.178617605877314E-7	1.6146969139823891E-6	1.6148686324563614E-6	7.858405019993186E-7	8.364937347718753E-7	7.455067205809733E-7	8.390623634819676E-7	1.0779393290212016E-6	1.1088862289796202E-6	8.879217281696938E-7	1.377079913238352E-6	7.75597087809863E-7	6.646236447982917E-7	7.330251393970431E-7	5.527773523404191E-7	5.731939792121697E-7	7.099035873263729E-7	9.705778022721392E-7	1.1648171835558847E-6	7.973096841034912E-7	8.289992708325526E-7	7.640809553871653E-7	6.601638032323682E-7	1.1255418795909303E-6	1.4784592128882089E-6	7.529508235678405E-7	1.0068749359461922E-6	8.612217352647158E-7	1.2793339176050755E-6	1.5427706663960328E-6	5.625141505928251E-7	6.228944137741412E-7	8.126545269452035E-7	5.872511018248403E-7	7.971763492198846E-7	
4.166865110196185E-6	3.226126441712784E-6	2.279197946740137E-6	3.747809642513903E-6	3.4145781835322387E-6	3.829346908086103E-6	-1.3699661396879151E-5	3.224099230444702E-6	2.2549982199298283E-6	-1.1920487643251292E-5	2.681313595661739E-6	3.4489574860530303E-6	3.058367064454979E-6	2.188380866700042E-6	1.0	2.8436873783498912E-6	1.7289779150834947E-6	-1.8093078985914588E-5	1.7416082060820679E-6	3.1443933012519695E-6	1.9930435741768305E-6	1.5917023579616548E-6	1.5627967908335928E-6	1.950564442235501E-6	2.0544850616470026E-6	1.930124846461101E-6	1.5307094864108772E-6	2.0103838983164635E-6	2.476153608178639E-6	1.7030267204205235E-6	2.020946995624359E-6	1.9954435826392015E-6	1.9150617958002353E-6	1.934577541302334E-6	2.7155802155456207E-6	1.501444892258357E-6	1.4513258323778083E-6	1.479636820445359E-6	1.6240421787719455E-6	3.3969568569778026E-6	1.1698655440725075E-6	1.5034971781724671E-6	1.977500148679138E-6	1.2804450286477828E-6	1.1362969664850562E-6	2.195874357734963E-6	9.340763799624149E-7	7.567303978289694E-7	1.910992014401672E-6	9.367516892512882E-7	1.2788087854531765E-6	1.5797739122699754E-6	9.566806037238343E-7	9.72354256478379E-7	1.118353035838321E-6	1.3178003208842848E-6	5.607868186652811E-7	2.224714983406672E-6	9.446707722815096E-7	1.2014142648511996E-6	9.370129438523132E-7	6.570337393643692E-7	1.0696255780643899E-6	1.1046870764886852E-6	8.364353040120159E-7	8.072519776573782E-7	1.5937501176150504E-6	1.593919608456161E-6	7.756461176352653E-7	8.256422469334508E-7	7.358355697097065E-7	8.28177553883857E-7	1.0639556671798815E-6	1.094501105782911E-6	8.764030862072003E-7	1.359215624111166E-6	7.655355870286511E-7	6.560017566730628E-7	7.235159069249127E-7	5.456063999866464E-7	5.657581703878811E-7	7.006943012025183E-7	9.579868971884652E-7	1.1497064911789816E-6	7.869665147755504E-7	8.182450055803981E-7	7.541688486369375E-7	6.515997707903347E-7	1.1109406895158493E-6	1.4592797719655123E-6	7.431831034221467E-7	9.938131631342127E-7	8.50049461285927E-7	1.2627376469205605E-6	1.5227569395407562E-6	5.55216886775584E-7	6.148138617332631E-7	8.021122953068621E-7	5.796329357529911E-7	7.868349095903358E-7	
5.485789873638936E-6	4.247282140648309E-6	3.0006253347752405E-6	4.9340920911791E-6	4.49538392210821E-6	5.041438092062513E-6	-1.8035972313906627E-5	4.244613262546409E-6	2.968765744226947E-6	-1.5693642264101786E-5	3.530021390694606E-6	4.540645197585988E-6	4.026422413099913E-6	2.8810622088131537E-6	2.8436873783498912E-6	1.0	2.2762458796905546E-6	-2.382002461298934E-5	2.2928739971430585E-6	4.139678265211233E-6	2.6238954148495673E-6	2.0955189203958063E-6	2.0574639646318437E-6	2.5679704963120083E-6	2.7047847839247553E-6	2.5410612193003517E-6	2.0152201662319925E-6	2.646724417482277E-6	3.259922754898429E-6	2.2420804346554837E-6	2.660631018899281E-6	2.627055090474129E-6	2.521230308388624E-6	2.5469233116946243E-6	3.5751343164533145E-6	1.97669254174393E-6	1.9107094528034596E-6	1.9479816292590036E-6	2.1380951634045555E-6	4.4721849722463894E-6	1.5401594209249336E-6	1.979394431291035E-6	2.6034320775583613E-6	1.6857402834373501E-6	1.495965486604599E-6	2.8909275910970644E-6	1.2297366511492073E-6	9.96255900707444E-7	2.515872331829812E-6	1.2332587677086904E-6	1.6835861253087812E-6	2.0798148011471302E-6	1.2594957190653814E-6	1.2801305040392023E-6	1.4723418197874834E-6	1.734919529335276E-6	7.382909140918533E-7	2.9288970496888794E-6	1.2436844532892947E-6	1.5816941594866678E-6	1.2336027164103744E-6	8.650025711714192E-7	1.4081908124101855E-6	1.454350217124285E-6	1.1011895512228817E-6	1.0627689179742488E-6	2.098214850999068E-6	2.0984379902453004E-6	1.021158954063324E-6	1.0869802015891925E-6	9.687472980825126E-7	1.090318001308476E-6	1.4007262223905657E-6	1.4409401130116784E-6	1.153808210344253E-6	1.7894438887871263E-6	1.0078481688681992E-6	8.636439382308219E-7	9.525281310194619E-7	7.183054850312681E-7	7.448358322058099E-7	9.224828739110077E-7	1.2612154895092907E-6	1.5136194861536231E-6	1.0360625610569335E-6	1.0772415345975152E-6	9.92883552371979E-7	8.578486055428783E-7	1.462583266697723E-6	1.9211810279785215E-6	9.784205236297697E-7	1.3083817312132907E-6	1.119112955061561E-6	1.6624280396284107E-6	2.0047504246070486E-6	7.309579491051561E-7	8.094189678989601E-7	1.0560023880659042E-6	7.631023335986168E-7	1.035889299294607E-6	
3.3353910878256083E-6	2.5823714224770616E-6	1.824397074996641E-6	2.9999557340888345E-6	2.7332187005931094E-6	3.0652227061944854E-6	-1.0965972576738362E-5	2.580748729584951E-6	1.8050262648080873E-6	-9.54182273636491E-6	2.146272853602101E-6	2.7607378105717166E-6	2.448087466311628E-6	1.7517020221505904E-6	1.7289779150834947E-6	2.2762458796905546E-6	1.0	-1.4482708896257745E-5	1.3940802822812217E-6	2.516947661192846E-6	1.5953431654629475E-6	1.274087285961208E-6	1.2509496588871835E-6	1.561340500546106E-6	1.6445243566729297E-6	1.5449795088216866E-6	1.2252651919381603E-6	1.6092233274230299E-6	1.9820513643690775E-6	1.363197510694568E-6	1.6176786192764616E-6	1.5972642660084175E-6	1.5329222034851692E-6	1.5485436939578732E-6	2.173701766117396E-6	1.201840179622234E-6	1.1617220905468937E-6	1.1843837834001091E-6	1.2999738811016597E-6	2.7191136086376457E-6	9.364255876931866E-7	1.2034829436586419E-6	1.5829013413317974E-6	1.0249395706503543E-6	9.095554271395862E-7	1.7577002300487575E-6	7.47686798272277E-7	6.05729189224135E-7	1.5296645236114075E-6	7.498282649440564E-7	1.0236298303961165E-6	1.264539093159314E-6	7.657804788900076E-7	7.783265441761769E-7	8.951921048872698E-7	1.0548408286737712E-6	4.488850269161195E-7	1.7807858743613959E-6	7.561671403970006E-7	9.616789422738425E-7	7.500373876885821E-7	5.25926426875256E-7	8.561879317034835E-7	8.842531093076371E-7	6.695294387422656E-7	6.461694777014864E-7	1.2757264269262545E-6	1.2758620968425967E-6	6.208703856855571E-7	6.608900742708431E-7	5.89003804157049E-7	6.629194752674328E-7	8.516494190008095E-7	8.760996906069072E-7	7.015218793441397E-7	1.0879919457916543E-6	6.127773534450913E-7	5.25100370408261E-7	5.791424593880833E-7	4.3673377367629577E-7	4.5286437392916113E-7	5.60874774132306E-7	7.668261089895644E-7	9.202891581275784E-7	6.299318625353741E-7	6.549689099828286E-7	6.036787824746524E-7	5.215767755488887E-7	8.892588497398084E-7	1.1680888671312887E-6	5.948851796789018E-7	7.95503449144665E-7	6.80426969053133E-7	1.0107655953380307E-6	1.2188995301625461E-6	4.4442654297354316E-7	4.9213128355869E-7	6.42055389471412E-7	4.6397050948205406E-7	6.298265184096903E-7	
-3.490356578558729E-5	-2.7023508924108942E-5	-1.9091603248148904E-5	-3.139336574376977E-5	-2.8602066807326366E-5	-3.2076359130311666E-5	1.1475462251854101E-4	-2.7006528076400755E-5	-1.8888895280797142E-5	9.985145034678419E-5	-2.2459907629110368E-5	-2.88900435513445E-5	-2.5618279739718258E-5	-1.833087789616237E-5	-1.8093078985914588E-5	-2.382002461298934E-5	-1.4482708896257745E-5	1.0	-1.4588505983780704E-5	-2.6338874800015014E-5	-1.6694643494602533E-5	-1.3332826115787877E-5	-1.3090699880082462E-5	-1.633881887896984E-5	-1.7209305463052606E-5	-1.6167607486981918E-5	-1.2821921959227786E-5	-1.6839893971482645E-5	-2.0741393847091272E-5	-1.4265329834018088E-5	-1.6928375300259892E-5	-1.6714747061921608E-5	-1.6041432493127033E-5	-1.6204905293175316E-5	-2.2746940491882942E-5	-1.2576788349144857E-5	-1.2156968206810048E-5	-1.239411397667256E-5	-1.3603719229266401E-5	-2.8454462525844572E-5	-9.79932824749015E-6	-1.2593979233543464E-5	-1.6564444661656264E-5	-1.0725592528271663E-5	-9.518142505891467E-6	-1.839364680045473E-5	-7.82425048917563E-6	-6.3387195227285655E-6	-1.600734214486255E-5	-7.84666010198803E-6	-1.0711886607759765E-5	-1.323290800519184E-5	-8.01359379408806E-6	-8.144883470031746E-6	-9.367835945151646E-6	-1.1038497521722532E-5	-4.69740658728746E-6	-1.8635229056853377E-5	-7.912993959263733E-6	-1.0063594745691804E-5	-7.848848489879768E-6	-5.503614765243731E-6	-8.95967249781203E-6	-9.253363626377518E-6	-7.006364229917813E-6	-6.761911356036949E-6	-1.3349979086158926E-5	-1.3351398818875566E-5	-6.497166233428471E-6	-6.915956653044859E-6	-6.163694896648243E-6	-6.9371935423105146E-6	-8.912178733957856E-6	-9.168041282309047E-6	-7.341152632772532E-6	-1.1385411022035343E-5	-6.412475810095199E-6	-5.494970406762468E-6	-6.060499772953667E-6	-4.570248465296431E-6	-4.739048900466369E-6	-5.869335577425672E-6	-8.024535904924923E-6	-9.63046681083779E-6	-6.591991051572466E-6	-6.853993980059271E-6	-6.317262816458347E-6	-5.458097361971779E-6	-9.305746746041535E-6	-1.2223594038535359E-5	-6.225241195727238E-6	-8.324633075632346E-6	-7.120402630840014E-6	-1.05772674093485E-5	-1.275530779354121E-5	-4.6507502931689945E-6	-5.149961782153194E-6	-6.718859028617159E-6	-4.85527027381865E-6	-6.590888666417587E-6	
